55555511555 1115511 211

110. 0515515555 15. Δ.588(999)) Β, 916) 0952) Hm: 54 (11.1),999
055910555155515555515. See 58.
111. 0551515915 sentences 15. Α. 580, 582 (999)) Β. 919, 914) 0649·
650) H. 642. 209. 01551151155511555551.
112. 0115511555 15. Α.586(998)) Β.915) 0. 651) Η. 642. 909. Ι
1511511115.
11905155155155151). 1456 (271)) Β.929) &mmmm 95,
114. As object. A. 459 (272, 990. 5)) Β. 991) 0. 527, 592599) Η. 619,
115. As 555155151515515515. Δ. 452 (270)) Β. 921999) 0. 422424,
595) Η. 615, 816. 4, 59 (11.7), 199.
115 Historiam. 5. 155 (515)) n. 511) 5. 551) 11. 610. 151.
955155151. 955 4555551115, 91.
117. ’155555 51. Α. 486, 584 (288, 996, 5)) Β. 270, 917) 0281, m, 591)
1161700. 5,45, 199.
118. Futuro, with 15155 51 promising, 515. Δ. 58). ο(910.])) Β. 991)
0. 429, 5. 95, 69 (27),129 (5.1), 205 (ns).
119. 9551555555 5516. Δ. 569. 5 (991. 5)) Β. 991, 11.) 0. 429, 11..)
Η.565.3. 194 (5.0..
151511555915 5551551155. 955 0115511555.
120. 15551115. Α. 427. 3 (259, 52)) Β. 292) 0. 411) 11. 499, w.
91 (1194), 109174.
1155555915.
121. 1151115515. Α. 269, 284 (176,185)) Β. 167,168) 0. w, 298, 925)
11393. 9,95, 197.
122. 855951. Α.399(179)) Β. 166) 0299) 11. 987. 9. 11511ηο555
frequent.
05151115 subjunctive. 855171.
129. 01551 51115151. A. 506 0. (949 11)) Β. 9480.) 0. 671 0.) H.
6640. 9,99,109,197.
124. 9510515155. 114880. (2890)) Β. 899997 ) 09840.) 116960.
20, 29, 41, 201, 204.
125. 4111155015 and 515515515 5555. Δ. 494-407 (291, 292)) Β. 997)
’ 06640.) Η. 697-640. 201.
129. 2551151551 15 Infinitive. A. 497. d (292. 5)) Β. 997. 9) 0. 596)
H. 619. 4. 98 (6, 5),201.
127. Futuro passive (gerundivo). Δ. 500, 1-4 (294, 55)) Β. 997. 7, 5,
2) 0.490)Η.622. 9904.
128. substitutos ior‘pert. 551. Δ. 499 (2915)) 0. 410, 1) 11. 6404.
9 (97,17), 150 (5.1).

 

